4.19

quad1: [-0.541865, -0.849100, -0.183810]
quad2: [-0.614463, -0.958438, -0.105203]
quad3: [-0.510856, -0.951725, 0.004962]
quad4: [-0.437004, -0.842624, -0.070557]

4.26

quad1: [-0.552114, -0.883291, -0.165412]
quad2: [-0.626388, -0.996015, -0.092220]
quad3: [-0.519476, -0.990149, 0.017592]
quad4: [-0.447565, -0.878389, -0.058627]

5.1
quad1: [-0.573341, -0.906788, -0.142560]
quad2: [-0.653987, -1.014903, -0.067309]
quad3: [-0.544088, -1.011968, 0.043077]
quad4: [-0.469013, -0.902352, -0.034571]

5.3
quad1: [-0.562742, -0.887174, -0.158205]
quad2: [-0.639013, -1.000839, -0.087459]
quad3: [-0.528020, -0.996930, 0.025029]
quad4: [-0.459192, -0.886145, -0.044244]

5.10
quad1: [-0.575643, -0.925430, -0.145007]
quad2: [-0.656763, -1.032282, -0.066320]
quad3: [-0.549397, -1.031898, 0.038646]
quad4: [-0.467388, -0.925824, -0.038430]

5.18
quad1: [-0.574859, -0.924478, -0.144620]
quad2: [-0.652874, -1.031587, -0.065164]
quad3: [-0.546212, -1.019858, 0.047292]
quad4: [-0.467148, -0.917941, -0.032260]